’511

Liilua, 6 1, ’1. 242. 259- 545
5115. 373 456 476· 661. 758.
2,.148 4,242. 6566. 6,8.
198. 766. 814 825. 860. 862.
110158. 8, 72 550 9, 745.
1·,0 15 14. 145. 588 11, 516.
Ε’6,42. (1147261114.
(9.2, 555111511111511. 15
fib· 140416, 4. 9, 715. 81111111·
nicus, 114, 57 16666111
01115511μὶ A.,1 91.

8511511511111121551, p. Ul. A.
¹0,241 11544. 4115493.
705 4, 140. 156. 5, 468. 7,
489. 10, 1. 551. 557.

15515111154551.
18 5558. 1651051111,
546. 582. 594. 896. 417. 555.
601. 2, 25. 166. 171. 257. 446

469. 501. 506. 512. flu. 781. .

5. 22. 75. 92. 269. 526. 879.
414 455. 517. 52. 1. 5596 ⁸·
45· 1..82 166. 255. 511. 558
462. 5155, 2. 189. 240. 694.
755 759. 801 6, 47 6078
69104. 118 1271155149.

Ι 15511511111511111

81459137
P4.G·.3374,377
146. ,ΗΜ
2,(ῙΠ.,Λ1,-.(12414’-6.
,Mu-,W Δ.19,52’97.,,4.9
641.10,.598.1141ῧ.1,12(1.7(1’·
11,,31,7611Π.,5,12.615

1111, 1577166166 J

4,15.Χ14114,Ρι.,.14131.
§mmm (1.5,159
1,...Η1151555111115Ι
5941411154. “

immmuum3·⁶

745. 5, 138· 587. 4250485 a
606. 625. 654. 5, 188152· 1
6266, ullu-uuum
625.7,57.804.1111.8,16· 1
23¹· 9, 459· 10, 467· affl-⁸94 1
nmufflmmh
6,51.55.6,17.(1.1,1111ξ-
Gfflssfffflffissss
mmmmmmu,
295 478. 481. 4,.51219 125 1
IG.3,3· A.2,90 6496·
uufflumumu,
444· 411443. ΡΥ· E· 65311111 ,’“
555. 1111111555.

152· 154. 247· 275 265. 298. Lucullus, G. 2, 18 ,
5211416552 621. 646. 662. Lutatius Catulus, A. 11, 109. ll

796. 8511955879. 7, 142. 206.
225. 266. 412 ..464 605 711717
’ 752. 755. 6, 55 201 246. 275.

Plu (1.1, 564. Communium
ξέῗ, A 97101. 1364

294· ,95 528. 454. 517 7258, Lysimachus, A 2, 211.
5u236276u7uau Qmi‚a.3u5uau

10, 98 145 166. fin. 207. 220.
ὶ92. 452 1111 444. 526. 744.

Ε. 5, 29.

11,197.247.262.267.554. 418. Macar (5511111), E. 51114111.-

445. 472. 590. 849. 12, 8. 258.
359 565. 519. 701. 750. 857.

Aemilius. (Raab), 65454· ..
Ε. 9. 47

Ε 1 7 54 3, 60 89. G 1 Maecenas, E·,2 1555561,
, 59. 57. 245 526. 564. 482. 42111 Symposio, Auula
‘ 4892, 50116122 286595. Maevius, 133, 90 7,11.1111.(4“1

463. 479. 499. 5 12. 102. 524.

1,21οΡ11.Ε.3,90.

416. 426. 11, 127. 221. 278. Μ1155151,,(95511ξ11ξ15, (1.,141. ’

291. 401. 427. 495. Ph. G. 3, Marianus poe'ta,
Marinus, E. 1, 10.

340. 1111101, G. 2, 480

E 629

11511165,Α.1,161.244.703. Μ111111115,Α.1,16.8,51.644 '

726 5166113, 119 4156

1111.12,198.’.Ρ11Ε9,55

458. 6,1.90.8,9.65.5.57.Μ5111135,Μ1111111111 mimogan

9, 227. 575. 10, 184. 552. 564.

5.,7499.Ε.,7 26.

625.. 11, 661. 12, 5. 419. G. Massurius 8111111111, 141225
1,129. 298 11111114, 576. 1. Mathematici, 8. 1, 225 usu ·

 

